 - 0.	 - 0.	
0	732.0	
1	773.0	
2	774.0	
3	771.0	
4	777.0	
5	776.0	
6	775.0	
7	779.0	
8	777.0	
9	771.0	
10	795.0	
11	786.0	
12	805.0	
13	829.0	
14	837.0	
15	826.0	
16	835.0	
17	813.0	
18	785.0	
19	777.0	
20	761.0	
21	784.0	
22	780.0	
23	786.0	
24	778.0	
25	782.0	
26	774.0	
27	781.0	
28	783.0	
29	772.0	
30	782.0	
31	770.0	
32	773.0	
33	770.0	
34	775.0	
35	777.0	
36	780.0	
37	782.0	
38	779.0	
39	780.0	
40	787.0	
41	778.0	
42	772.0	
43	787.0	
44	777.0	
45	774.0	
46	786.0	
47	786.0	
48	781.0	
49	776.0	
50	777.0	
51	767.0	
52	782.0	
53	779.0	
54	767.0	
55	782.0	
56	785.0	
57	777.0	
58	775.0	
59	775.0	
60	787.0	
61	778.0	
62	785.0	
63	788.0	
64	773.0	
65	783.0	
66	777.0	
67	781.0	
68	775.0	
69	778.0	
70	776.0	
71	780.0	
72	782.0	
73	775.0	
74	778.0	
75	778.0	
76	771.0	
77	783.0	
78	775.0	
79	772.0	
80	782.0	
81	772.0	
82	774.0	
83	782.0	
84	773.0	
85	774.0	
86	774.0	
87	779.0	
88	777.0	
89	771.0	
90	783.0	
91	782.0	
92	790.0	
93	784.0	
94	774.0	
95	794.0	
96	775.0	
97	791.0	
98	784.0	
99	776.0	
100	782.0	
101	780.0	
102	784.0	
103	781.0	
104	771.0	
105	782.0	
106	786.0	
107	794.0	
108	778.0	
109	778.0	
110	784.0	
111	772.0	
112	778.0	
113	790.0	
114	782.0	
115	799.0	
116	773.0	
117	775.0	
118	785.0	
119	772.0	
120	785.0	
121	785.0	
122	757.0	
123	794.0	
124	780.0	
125	780.0	
126	784.0	
127	782.0	
128	782.0	
129	778.0	
130	776.0	
131	780.0	
132	778.0	
133	790.0	
134	777.0	
135	783.0	
136	775.0	
137	775.0	
138	791.0	
139	775.0	
140	783.0	
141	783.0	
142	787.0	
143	771.0	
144	780.0	
145	780.0	
146	771.0	
147	781.0	
148	783.0	
149	773.0	
150	783.0	
151	782.0	
152	782.0	
153	778.0	
154	778.0	
155	785.0	
156	782.0	
157	775.0	
158	778.0	
159	778.0	
160	782.0	
161	782.0	
162	785.0	
163	785.0	
164	779.0	
165	784.0	
166	779.0	
167	783.0	
168	786.0	
169	776.0	
170	783.0	
171	782.0	
172	787.0	
173	787.0	
174	778.0	
175	777.0	
176	776.0	
177	790.0	
178	791.0	
179	775.0	
180	794.0	
181	778.0	
182	767.0	
183	785.0	
184	782.0	
185	787.0	
186	770.0	
187	778.0	
188	778.0	
189	790.0	
190	784.0	
191	786.0	
192	767.0	
193	782.0	
194	770.0	
195	785.0	
196	796.0	
197	784.0	
198	787.0	
199	779.0	
200	784.0	
201	773.0	
202	787.0	
203	781.0	
204	783.0	
205	783.0	
206	775.0	
207	782.0	
208	788.0	
209	774.0	
210	784.0	
211	784.0	
212	778.0	
213	789.0	
214	776.0	
215	782.0	
216	786.0	
217	777.0	
218	796.0	
219	776.0	
220	781.0	
221	787.0	
222	788.0	
223	779.0	
224	787.0	
225	778.0	
226	790.0	
227	792.0	
228	777.0	
229	777.0	
230	786.0	
231	780.0	
232	778.0	
233	787.0	
234	783.0	
235	790.0	
236	786.0	
237	786.0	
238	796.0	
239	785.0	
240	784.0	
241	799.0	
242	791.0	
243	792.0	
244	779.0	
245	785.0	
246	780.0	
247	788.0	
248	788.0	
249	775.0	
250	783.0	
251	773.0	
252	787.0	
253	785.0	
254	783.0	
255	787.0	
256	789.0	
257	787.0	
258	788.0	
259	788.0	
260	789.0	
261	796.0	
262	791.0	
263	789.0	
264	791.0	
265	778.0	
266	786.0	
267	783.0	
268	786.0	
269	786.0	
270	788.0	
271	785.0	
272	783.0	
273	785.0	
274	791.0	
275	788.0	
276	805.0	
277	785.0	
278	784.0	
279	791.0	
280	783.0	
281	781.0	
282	790.0	
283	795.0	
284	796.0	
285	780.0	
286	786.0	
287	793.0	
288	785.0	
289	775.0	
290	794.0	
291	787.0	
292	784.0	
293	798.0	
294	786.0	
295	783.0	
296	789.0	
297	791.0	
298	794.0	
299	791.0	
300	791.0	
301	796.0	
302	798.0	
303	791.0	
304	787.0	
305	794.0	
306	786.0	
307	789.0	
308	794.0	
309	780.0	
310	789.0	
311	793.0	
312	787.0	
313	795.0	
314	799.0	
315	794.0	
316	797.0	
317	791.0	
318	775.0	
319	794.0	
320	794.0	
321	787.0	
322	798.0	
323	785.0	
324	782.0	
325	798.0	
326	807.0	
327	792.0	
328	798.0	
329	785.0	
330	790.0	
331	797.0	
332	794.0	
333	797.0	
334	788.0	
335	799.0	
336	799.0	
337	789.0	
338	799.0	
339	796.0	
340	801.0	
341	796.0	
342	809.0	
343	793.0	
344	794.0	
345	806.0	
346	797.0	
347	805.0	
348	805.0	
349	809.0	
350	788.0	
351	801.0	
352	794.0	
353	794.0	
354	786.0	
355	805.0	
356	805.0	
357	793.0	
358	802.0	
359	802.0	
360	803.0	
361	793.0	
362	797.0	
363	819.0	
364	806.0	
365	812.0	
366	810.0	
367	810.0	
368	809.0	
369	808.0	
370	820.0	
371	819.0	
372	834.0	
373	829.0	
374	827.0	
375	844.0	
376	836.0	
377	849.0	
378	859.0	
379	856.0	
380	879.0	
381	871.0	
382	864.0	
383	894.0	
384	895.0	
385	905.0	
386	903.0	
387	903.0	
388	922.0	
389	928.0	
390	922.0	
391	947.0	
392	949.0	
393	950.0	
394	940.0	
395	957.0	
396	979.0	
397	959.0	
398	959.0	
399	946.0	
400	950.0	
401	917.0	
402	906.0	
403	930.0	
404	913.0	
405	897.0	
406	903.0	
407	871.0	
408	858.0	
409	858.0	
410	857.0	
411	850.0	
412	839.0	
413	819.0	
414	821.0	
415	831.0	
416	827.0	
417	827.0	
418	828.0	
419	845.0	
420	858.0	
421	861.0	
422	849.0	
423	879.0	
424	894.0	
425	925.0	
426	948.0	
427	1015.0	
428	1095.0	
429	1234.0	
430	1442.0	
431	1673.0	
432	1942.0	
433	2255.0	
434	2754.0	
435	3747.0	
436	7029.0	
437	15591.0	
438	30417.0	
439	45013.0	
440	51136.0	
441	47952.0	
442	40146.0	
443	30412.0	
444	18941.0	
445	7700.0	
446	2454.0	
447	1654.0	
448	1413.0	
449	1270.0	
450	1174.0	
451	1123.0	
452	1058.0	
453	1030.0	
454	994.0	
455	977.0	
456	959.0	
457	938.0	
458	895.0	
459	877.0	
460	860.0	
461	850.0	
462	845.0	
463	841.0	
464	830.0	
465	841.0	
466	843.0	
467	829.0	
468	831.0	
469	824.0	
470	835.0	
471	821.0	
472	826.0	
473	822.0	
474	812.0	
475	811.0	
476	816.0	
477	817.0	
478	810.0	
479	799.0	
480	807.0	
481	819.0	
482	810.0	
483	807.0	
484	800.0	
485	814.0	
486	804.0	
487	802.0	
488	805.0	
489	797.0	
490	814.0	
491	804.0	
492	800.0	
493	799.0	
494	800.0	
495	807.0	
496	808.0	
497	806.0	
498	809.0	
499	802.0	
500	803.0	
501	801.0	
502	816.0	
503	792.0	
504	794.0	
505	814.0	
506	800.0	
507	813.0	
508	808.0	
509	794.0	
510	803.0	
511	797.0	
512	802.0	
513	798.0	
514	808.0	
515	808.0	
516	800.0	
517	809.0	
518	815.0	
519	793.0	
520	818.0	
521	811.0	
522	786.0	
523	805.0	
524	798.0	
525	803.0	
526	799.0	
527	799.0	
528	802.0	
529	797.0	
530	790.0	
531	804.0	
532	807.0	
533	805.0	
534	788.0	
535	803.0	
536	807.0	
537	802.0	
538	806.0	
539	795.0	
540	803.0	
541	812.0	
542	809.0	
543	801.0	
544	798.0	
545	810.0	
546	808.0	
547	789.0	
548	804.0	
549	794.0	
550	806.0	
551	819.0	
552	794.0	
553	807.0	
554	794.0	
555	807.0	
556	814.0	
557	803.0	
558	809.0	
559	805.0	
560	807.0	
561	799.0	
562	791.0	
563	796.0	
564	805.0	
565	811.0	
566	800.0	
567	805.0	
568	822.0	
569	793.0	
570	805.0	
571	799.0	
572	810.0	
573	807.0	
574	809.0	
575	818.0	
576	797.0	
577	815.0	
578	805.0	
579	799.0	
580	813.0	
581	802.0	
582	802.0	
583	803.0	
584	796.0	
585	796.0	
586	810.0	
587	799.0	
588	810.0	
589	815.0	
590	815.0	
591	804.0	
592	811.0	
593	803.0	
594	795.0	
595	792.0	
596	805.0	
597	823.0	
598	805.0	
599	800.0	
600	802.0	
601	801.0	
602	796.0	
603	821.0	
604	809.0	
605	806.0	
606	815.0	
607	822.0	
608	813.0	
609	818.0	
610	815.0	
611	823.0	
612	816.0	
613	819.0	
614	819.0	
615	815.0	
616	822.0	
617	818.0	
618	827.0	
619	822.0	
620	843.0	
621	829.0	
622	850.0	
623	846.0	
624	843.0	
625	846.0	
626	849.0	
627	845.0	
628	864.0	
629	852.0	
630	865.0	
631	855.0	
632	873.0	
633	862.0	
634	855.0	
635	853.0	
636	879.0	
637	855.0	
638	853.0	
639	849.0	
640	853.0	
641	878.0	
642	859.0	
643	840.0	
644	857.0	
645	855.0	
646	854.0	
647	873.0	
648	868.0	
649	895.0	
650	1015.0	
651	1197.0	
652	1370.0	
653	1439.0	
654	1389.0	
655	1342.0	
656	1203.0	
657	1098.0	
658	953.0	
659	866.0	
660	847.0	
661	852.0	
662	851.0	
663	853.0	
664	866.0	
665	909.0	
666	938.0	
667	992.0	
668	1060.0	
669	1150.0	
670	1243.0	
671	1413.0	
672	1925.0	
673	3304.0	
674	6580.0	
675	11038.0	
676	14297.0	
677	15192.0	
678	14221.0	
679	12093.0	
680	9234.0	
681	6221.0	
682	2975.0	
683	1396.0	
684	1098.0	
685	974.0	
686	935.0	
687	884.0	
688	892.0	
689	854.0	
690	860.0	
691	844.0	
692	842.0	
693	842.0	
694	831.0	
695	830.0	
696	831.0	
697	828.0	
698	831.0	
699	815.0	
700	824.0	
701	807.0	
702	818.0	
703	808.0	
704	815.0	
705	819.0	
706	805.0	
707	812.0	
708	825.0	
709	804.0	
710	819.0	
711	800.0	
712	788.0	
713	818.0	
714	807.0	
715	803.0	
716	810.0	
717	809.0	
718	810.0	
719	785.0	
720	812.0	
721	818.0	
722	802.0	
723	808.0	
724	810.0	
725	799.0	
726	802.0	
727	807.0	
728	797.0	
729	799.0	
730	806.0	
731	800.0	
732	803.0	
733	797.0	
734	799.0	
735	799.0	
736	807.0	
737	811.0	
738	806.0	
739	799.0	
740	799.0	
741	810.0	
742	808.0	
743	799.0	
744	799.0	
745	788.0	
746	802.0	
747	804.0	
748	819.0	
749	796.0	
750	811.0	
751	805.0	
752	803.0	
753	805.0	
754	803.0	
755	805.0	
756	810.0	
757	798.0	
758	801.0	
759	804.0	
760	808.0	
761	798.0	
762	799.0	
763	801.0	
764	792.0	
765	798.0	
766	807.0	
767	809.0	
768	802.0	
769	795.0	
770	801.0	
771	798.0	
772	801.0	
773	795.0	
774	805.0	
775	789.0	
776	798.0	
777	803.0	
778	797.0	
779	803.0	
780	801.0	
781	812.0	
782	804.0	
783	801.0	
784	799.0	
785	819.0	
786	807.0	
787	823.0	
788	810.0	
789	801.0	
790	812.0	
791	798.0	
792	810.0	
793	788.0	
794	787.0	
795	799.0	
796	808.0	
797	808.0	
798	799.0	
799	787.0	
800	794.0	
801	805.0	
802	803.0	
803	796.0	
804	797.0	
805	796.0	
806	806.0	
807	799.0	
808	807.0	
809	811.0	
810	791.0	
811	790.0	
812	791.0	
813	808.0	
814	803.0	
815	798.0	
816	808.0	
817	817.0	
818	787.0	
819	798.0	
820	797.0	
821	796.0	
822	790.0	
823	801.0	
824	799.0	
825	798.0	
826	794.0	
827	791.0	
828	792.0	
829	800.0	
830	796.0	
831	790.0	
832	799.0	
833	793.0	
834	790.0	
835	794.0	
836	818.0	
837	798.0	
838	790.0	
839	793.0	
840	791.0	
841	798.0	
842	792.0	
843	799.0	
844	795.0	
845	792.0	
846	799.0	
847	794.0	
848	800.0	
849	794.0	
850	788.0	
851	802.0	
852	786.0	
853	782.0	
854	799.0	
855	795.0	
856	801.0	
857	791.0	
858	799.0	
859	790.0	
860	801.0	
861	795.0	
862	790.0	
863	798.0	
864	796.0	
865	798.0	
866	797.0	
867	790.0	
868	795.0	
869	778.0	
870	786.0	
871	807.0	
872	786.0	
873	785.0	
874	796.0	
875	790.0	
876	791.0	
877	817.0	
878	792.0	
879	791.0	
880	803.0	
881	787.0	
882	786.0	
883	790.0	
884	789.0	
885	788.0	
886	791.0	
887	800.0	
888	790.0	
889	786.0	
890	797.0	
891	797.0	
892	799.0	
893	789.0	
894	794.0	
895	810.0	
896	778.0	
897	805.0	
898	788.0	
899	797.0	
900	794.0	
901	801.0	
902	796.0	
903	801.0	
904	807.0	
905	804.0	
906	792.0	
907	799.0	
908	800.0	
909	802.0	
910	797.0	
911	810.0	
912	810.0	
913	814.0	
914	799.0	
915	820.0	
916	814.0	
917	818.0	
918	819.0	
919	831.0	
920	827.0	
921	836.0	
922	829.0	
923	828.0	
924	838.0	
925	834.0	
926	835.0	
927	844.0	
928	847.0	
929	845.0	
930	855.0	
931	848.0	
932	848.0	
933	849.0	
934	855.0	
935	844.0	
936	860.0	
937	847.0	
938	849.0	
939	835.0	
940	840.0	
941	841.0	
942	835.0	
943	830.0	
944	815.0	
945	823.0	
946	821.0	
947	816.0	
948	818.0	
949	805.0	
950	804.0	
951	804.0	
952	808.0	
953	808.0	
954	803.0	
955	811.0	
956	814.0	
957	806.0	
958	833.0	
959	831.0	
960	863.0	
961	883.0	
962	931.0	
963	1114.0	
964	1420.0	
965	1747.0	
966	1926.0	
967	2097.0	
968	2175.0	
969	2258.0	
970	2442.0	
971	2765.0	
972	3323.0	
973	4651.0	
974	6974.0	
975	8980.0	
976	9914.0	
977	10410.0	
978	9951.0	
979	8425.0	
980	6337.0	
981	4287.0	
982	2310.0	
983	1238.0	
984	959.0	
985	902.0	
986	861.0	
987	847.0	
988	836.0	
989	821.0	
990	819.0	
991	809.0	
992	803.0	
993	802.0	
994	808.0	
995	789.0	
996	806.0	
997	811.0	
998	791.0	
999	796.0	
1000	793.0	
1001	790.0	
1002	788.0	
1003	783.0	
1004	789.0	
1005	796.0	
1006	778.0	
1007	780.0	
1008	782.0	
1009	797.0	
1010	779.0	
1011	790.0	
1012	783.0	
1013	781.0	
1014	789.0	
1015	791.0	
1016	785.0	
1017	783.0	
1018	793.0	
1019	777.0	
1020	789.0	
1021	782.0	
1022	779.0	
1023	778.0	
