 - 0.	 - 0.	
0	6340.0	
1	6303.0	
2	6310.0	
3	6140.0	
4	6118.0	
5	6117.0	
6	5982.0	
7	6050.0	
8	5955.0	
9	5890.0	
10	5815.0	
11	5803.0	
12	5749.0	
13	5728.0	
14	5611.0	
15	5612.0	
16	5522.0	
17	5558.0	
18	5418.0	
19	5375.0	
20	5404.0	
21	5397.0	
22	5295.0	
23	5286.0	
24	5220.0	
25	5179.0	
26	5212.0	
27	5171.0	
28	5053.0	
29	5039.0	
30	4975.0	
31	5023.0	
32	4940.0	
33	4876.0	
34	4874.0	
35	4805.0	
36	4770.0	
37	4665.0	
38	4702.0	
39	4633.0	
40	4671.0	
41	4590.0	
42	4528.0	
43	4527.0	
44	4503.0	
45	4450.0	
46	4484.0	
47	4457.0	
48	4354.0	
49	4361.0	
50	4351.0	
51	4409.0	
52	4388.0	
53	4303.0	
54	4236.0	
55	4223.0	
56	4242.0	
57	4214.0	
58	4203.0	
59	4157.0	
60	4124.0	
61	4047.0	
62	4078.0	
63	4111.0	
64	3974.0	
65	3997.0	
66	4002.0	
67	4027.0	
68	3958.0	
69	4020.0	
70	3884.0	
71	3899.0	
72	3882.0	
73	3857.0	
74	3863.0	
75	3754.0	
76	3857.0	
77	3751.0	
78	3814.0	
79	3787.0	
80	3731.0	
81	2802.0	
82	3736.0	
83	3695.0	
84	3656.0	
85	3759.0	
86	3580.0	
87	3647.0	
88	3627.0	
89	3583.0	
90	3542.0	
91	3529.0	
92	3562.0	
93	3542.0	
94	3485.0	
95	3448.0	
96	3411.0	
97	3391.0	
98	3406.0	
99	3347.0	
100	3371.0	
101	3347.0	
102	3288.0	
103	3293.0	
104	3270.0	
105	3295.0	
106	3234.0	
107	3167.0	
108	3171.0	
109	3113.0	
110	3155.0	
111	3118.0	
112	3102.0	
113	3123.0	
114	3004.0	
115	3045.0	
116	2972.0	
117	2991.0	
118	2932.0	
119	2864.0	
120	2849.0	
121	2825.0	
122	2813.0	
123	2853.0	
124	2775.0	
125	2779.0	
126	2729.0	
127	2678.0	
128	2626.0	
129	2604.0	
130	2630.0	
131	2600.0	
132	2548.0	
133	2527.0	
134	2530.0	
135	2493.0	
136	2443.0	
137	2435.0	
138	2405.0	
139	2405.0	
140	2369.0	
141	2348.0	
142	2350.0	
143	2271.0	
144	2253.0	
145	2263.0	
146	2242.0	
147	2203.0	
148	2251.0	
149	2157.0	
150	2190.0	
151	2149.0	
152	2137.0	
153	2092.0	
154	2090.0	
155	2087.0	
156	2020.0	
157	2047.0	
158	2018.0	
159	2006.0	
160	1956.0	
161	1935.0	
162	1927.0	
163	1926.0	
164	1895.0	
165	1870.0	
166	1865.0	
167	1852.0	
168	1802.0	
169	1815.0	
170	1764.0	
171	1773.0	
172	1807.0	
173	1743.0	
174	1741.0	
175	1730.0	
176	1720.0	
177	1718.0	
178	1707.0	
179	1724.0	
180	1697.0	
181	1651.0	
182	1623.0	
183	1649.0	
184	1629.0	
185	1613.0	
186	1595.0	
187	1612.0	
188	1611.0	
189	1557.0	
190	1551.0	
191	1538.0	
192	1562.0	
193	1540.0	
194	1508.0	
195	1530.0	
196	1478.0	
197	1477.0	
198	1479.0	
199	1458.0	
200	1458.0	
201	1483.0	
202	1506.0	
203	1468.0	
204	1452.0	
205	1435.0	
206	1419.0	
207	1426.0	
208	1425.0	
209	1398.0	
210	1425.0	
211	1378.0	
212	1394.0	
213	1385.0	
214	1355.0	
215	1388.0	
216	1354.0	
217	1386.0	
218	1371.0	
219	1353.0	
220	1350.0	
221	1365.0	
222	1321.0	
223	1320.0	
224	1317.0	
225	1288.0	
226	1328.0	
227	1296.0	
228	1306.0	
229	1328.0	
230	1291.0	
231	1290.0	
232	1293.0	
233	1294.0	
234	1278.0	
235	1281.0	
236	1259.0	
237	1262.0	
238	1253.0	
239	1260.0	
240	1241.0	
241	1255.0	
242	1227.0	
243	1259.0	
244	1228.0	
245	1236.0	
246	1226.0	
247	1215.0	
248	1198.0	
249	1189.0	
250	1195.0	
251	1162.0	
252	1214.0	
253	1202.0	
254	1161.0	
255	1210.0	
256	1195.0	
257	1203.0	
258	1179.0	
259	1182.0	
260	1191.0	
261	1179.0	
262	1196.0	
263	1169.0	
264	1176.0	
265	1158.0	
266	1174.0	
267	1134.0	
268	1158.0	
269	1124.0	
270	1155.0	
271	1132.0	
272	1131.0	
273	1153.0	
274	1096.0	
275	1121.0	
276	1139.0	
277	1162.0	
278	1131.0	
279	1094.0	
280	1129.0	
281	1108.0	
282	1119.0	
283	1112.0	
284	1106.0	
285	1109.0	
286	1104.0	
287	1097.0	
288	1078.0	
289	1082.0	
290	1087.0	
291	1084.0	
292	1097.0	
293	1073.0	
294	1071.0	
295	1087.0	
296	1075.0	
297	1070.0	
298	1063.0	
299	1055.0	
300	1060.0	
301	1082.0	
302	1043.0	
303	1039.0	
304	1041.0	
305	1045.0	
306	1061.0	
307	1042.0	
308	1033.0	
309	1037.0	
310	1029.0	
311	1026.0	
312	1046.0	
313	1025.0	
314	1011.0	
315	1049.0	
316	1010.0	
317	1027.0	
318	1028.0	
319	1028.0	
320	1028.0	
321	1017.0	
322	1031.0	
323	1009.0	
324	994.0	
325	1025.0	
326	999.0	
327	1029.0	
328	998.0	
329	1016.0	
330	999.0	
331	987.0	
332	1025.0	
333	1005.0	
334	1007.0	
335	999.0	
336	999.0	
337	998.0	
338	1017.0	
339	990.0	
340	992.0	
341	991.0	
342	1015.0	
343	989.0	
344	993.0	
345	1003.0	
346	993.0	
347	988.0	
348	1002.0	
349	983.0	
350	1001.0	
351	980.0	
352	1004.0	
353	981.0	
354	994.0	
355	993.0	
356	985.0	
357	990.0	
358	970.0	
359	991.0	
360	981.0	
361	994.0	
362	979.0	
363	993.0	
364	994.0	
365	986.0	
366	989.0	
367	986.0	
368	982.0	
369	992.0	
370	968.0	
371	983.0	
372	1001.0	
373	985.0	
374	976.0	
375	987.0	
376	1007.0	
377	971.0	
378	987.0	
379	994.0	
380	984.0	
381	991.0	
382	984.0	
383	997.0	
384	979.0	
385	993.0	
386	999.0	
387	1002.0	
388	990.0	
389	978.0	
390	994.0	
391	995.0	
392	976.0	
393	984.0	
394	1013.0	
395	982.0	
396	1007.0	
397	1011.0	
398	991.0	
399	999.0	
400	1001.0	
401	1006.0	
402	1015.0	
403	994.0	
404	1007.0	
405	1019.0	
406	1002.0	
407	1003.0	
408	1012.0	
409	987.0	
410	987.0	
411	994.0	
412	1008.0	
413	1006.0	
414	976.0	
415	1018.0	
416	1005.0	
417	996.0	
418	992.0	
419	991.0	
420	1005.0	
421	1011.0	
422	991.0	
423	1011.0	
424	1005.0	
425	989.0	
426	989.0	
427	995.0	
428	986.0	
429	982.0	
430	994.0	
431	984.0	
432	1012.0	
433	975.0	
434	987.0	
435	987.0	
436	992.0	
437	985.0	
438	985.0	
439	976.0	
440	987.0	
441	980.0	
442	990.0	
443	981.0	
444	979.0	
445	991.0	
446	974.0	
447	980.0	
448	983.0	
449	970.0	
450	968.0	
451	964.0	
452	970.0	
453	978.0	
454	978.0	
455	959.0	
456	983.0	
457	963.0	
458	959.0	
459	964.0	
460	965.0	
461	967.0	
462	950.0	
463	962.0	
464	968.0	
465	970.0	
466	967.0	
467	968.0	
468	967.0	
469	958.0	
470	967.0	
471	965.0	
472	977.0	
473	955.0	
474	975.0	
475	968.0	
476	967.0	
477	971.0	
478	950.0	
479	959.0	
480	959.0	
481	951.0	
482	961.0	
483	937.0	
484	966.0	
485	954.0	
486	937.0	
487	959.0	
488	947.0	
489	950.0	
490	961.0	
491	957.0	
492	953.0	
493	961.0	
494	953.0	
495	945.0	
496	947.0	
497	948.0	
498	957.0	
499	959.0	
500	962.0	
501	953.0	
502	974.0	
503	972.0	
504	960.0	
505	945.0	
506	949.0	
507	959.0	
508	957.0	
509	943.0	
510	954.0	
511	972.0	
512	961.0	
513	948.0	
514	952.0	
515	940.0	
516	973.0	
517	959.0	
518	955.0	
519	967.0	
520	958.0	
521	954.0	
522	956.0	
523	959.0	
524	954.0	
525	975.0	
526	963.0	
527	961.0	
528	975.0	
529	981.0	
530	970.0	
531	971.0	
532	972.0	
533	959.0	
534	952.0	
535	968.0	
536	973.0	
537	967.0	
538	969.0	
539	965.0	
540	967.0	
541	961.0	
542	975.0	
543	964.0	
544	968.0	
545	972.0	
546	966.0	
547	966.0	
548	962.0	
549	958.0	
550	948.0	
551	977.0	
552	974.0	
553	970.0	
554	964.0	
555	987.0	
556	967.0	
557	957.0	
558	976.0	
559	952.0	
560	959.0	
561	973.0	
562	967.0	
563	976.0	
564	959.0	
565	954.0	
566	965.0	
567	969.0	
568	968.0	
569	964.0	
570	964.0	
571	963.0	
572	979.0	
573	956.0	
574	969.0	
575	953.0	
576	979.0	
577	956.0	
578	984.0	
579	955.0	
580	958.0	
581	965.0	
582	962.0	
583	959.0	
584	949.0	
585	944.0	
586	953.0	
587	958.0	
588	951.0	
589	946.0	
590	978.0	
591	954.0	
592	956.0	
593	956.0	
594	948.0	
595	941.0	
596	954.0	
597	947.0	
598	942.0	
599	926.0	
600	955.0	
601	963.0	
602	957.0	
603	955.0	
604	950.0	
605	954.0	
606	947.0	
607	954.0	
608	951.0	
609	978.0	
610	963.0	
611	954.0	
612	965.0	
613	968.0	
614	945.0	
615	946.0	
616	962.0	
617	973.0	
618	962.0	
619	964.0	
620	955.0	
621	978.0	
622	947.0	
623	964.0	
624	938.0	
625	955.0	
626	967.0	
627	950.0	
628	952.0	
629	957.0	
630	965.0	
631	970.0	
632	959.0	
633	958.0	
634	968.0	
635	985.0	
636	959.0	
637	977.0	
638	975.0	
639	971.0	
640	956.0	
641	984.0	
642	971.0	
643	966.0	
644	965.0	
645	967.0	
646	973.0	
647	964.0	
648	985.0	
649	976.0	
650	978.0	
651	971.0	
652	989.0	
653	976.0	
654	961.0	
655	1001.0	
656	994.0	
657	988.0	
658	992.0	
659	970.0	
660	982.0	
661	983.0	
662	988.0	
663	987.0	
664	981.0	
665	977.0	
666	973.0	
667	995.0	
668	987.0	
669	992.0	
670	989.0	
671	993.0	
672	1003.0	
673	997.0	
674	980.0	
675	1013.0	
676	996.0	
677	1004.0	
678	990.0	
679	984.0	
680	969.0	
681	997.0	
682	991.0	
683	983.0	
684	985.0	
685	993.0	
686	1003.0	
687	992.0	
688	997.0	
689	984.0	
690	997.0	
691	1007.0	
692	998.0	
693	988.0	
694	990.0	
695	1010.0	
696	1002.0	
697	1031.0	
698	1027.0	
699	1023.0	
700	1014.0	
701	1005.0	
702	1041.0	
703	1059.0	
704	1010.0	
705	1047.0	
706	1025.0	
707	1043.0	
708	1019.0	
709	1023.0	
710	1015.0	
711	1025.0	
712	1019.0	
713	1007.0	
714	1013.0	
715	1009.0	
716	1019.0	
717	1016.0	
718	1012.0	
719	983.0	
720	1012.0	
721	1014.0	
722	995.0	
723	999.0	
724	998.0	
725	1033.0	
726	1011.0	
727	1019.0	
728	998.0	
729	994.0	
730	1009.0	
731	1012.0	
732	1012.0	
733	1014.0	
734	1008.0	
735	993.0	
736	1022.0	
737	1004.0	
738	1006.0	
739	1015.0	
740	1043.0	
741	1026.0	
742	1018.0	
743	1034.0	
744	1044.0	
745	1041.0	
746	1021.0	
747	1040.0	
748	1039.0	
749	1033.0	
750	1050.0	
751	1057.0	
752	1056.0	
753	1074.0	
754	1067.0	
755	1087.0	
756	1082.0	
757	1124.0	
758	1109.0	
759	1132.0	
760	1126.0	
761	1141.0	
762	1176.0	
763	1153.0	
764	1221.0	
765	1229.0	
766	1250.0	
767	1293.0	
768	1331.0	
769	1316.0	
770	1378.0	
771	1358.0	
772	1410.0	
773	1394.0	
774	1381.0	
775	1415.0	
776	1420.0	
777	1411.0	
778	1448.0	
779	1427.0	
780	1399.0	
781	1393.0	
782	1380.0	
783	1380.0	
784	1375.0	
785	1364.0	
786	1370.0	
787	1376.0	
788	1331.0	
789	1356.0	
790	1346.0	
791	1356.0	
792	1339.0	
793	1342.0	
794	1326.0	
795	1332.0	
796	1333.0	
797	1327.0	
798	1309.0	
799	1325.0	
800	1318.0	
801	1326.0	
802	1333.0	
803	1310.0	
804	1353.0	
805	1340.0	
806	1331.0	
807	1337.0	
808	1365.0	
809	1386.0	
810	1374.0	
811	1410.0	
812	1393.0	
813	1402.0	
814	1399.0	
815	1442.0	
816	1476.0	
817	1479.0	
818	1500.0	
819	1547.0	
820	1564.0	
821	1609.0	
822	1642.0	
823	1660.0	
824	1731.0	
825	1790.0	
826	1840.0	
827	1922.0	
828	2075.0	
829	2218.0	
830	2409.0	
831	2653.0	
832	2814.0	
833	3092.0	
834	3356.0	
835	3525.0	
836	3690.0	
837	3784.0	
838	3809.0	
839	3826.0	
840	3769.0	
841	3715.0	
842	3618.0	
843	3556.0	
844	3380.0	
845	3304.0	
846	3165.0	
847	3127.0	
848	2986.0	
849	2933.0	
850	2821.0	
851	2786.0	
852	2686.0	
853	2636.0	
854	2617.0	
855	2599.0	
856	2551.0	
857	2551.0	
858	2573.0	
859	2521.0	
860	2517.0	
861	2523.0	
862	2487.0	
863	2503.0	
864	2541.0	
865	2538.0	
866	2518.0	
867	2606.0	
868	2613.0	
869	2580.0	
870	2668.0	
871	2611.0	
872	2694.0	
873	2709.0	
874	2785.0	
875	2852.0	
876	2935.0	
877	2898.0	
878	2956.0	
879	3051.0	
880	3112.0	
881	3209.0	
882	3290.0	
883	3403.0	
884	3365.0	
885	3535.0	
886	3738.0	
887	3747.0	
888	4017.0	
889	4139.0	
890	4377.0	
891	4640.0	
892	5080.0	
893	5595.0	
894	6067.0	
895	6659.0	
896	7418.0	
897	8406.0	
898	9246.0	
899	10076.0	
900	10822.0	
901	11364.0	
902	11810.0	
903	12072.0	
904	12112.0	
905	12204.0	
906	12016.0	
907	11670.0	
908	11340.0	
909	11003.0	
910	10486.0	
911	10116.0	
912	9594.0	
913	9155.0	
914	8781.0	
915	8510.0	
916	8139.0	
917	7980.0	
918	7693.0	
919	7355.0	
920	7108.0	
921	7090.0	
922	6977.0	
923	6730.0	
924	6715.0	
925	6695.0	
926	6659.0	
927	6720.0	
928	6727.0	
929	6821.0	
930	6981.0	
931	7297.0	
932	7584.0	
933	7867.0	
934	8331.0	
935	8981.0	
936	9704.0	
937	10684.0	
938	11792.0	
939	13450.0	
940	15022.0	
941	17062.0	
942	19692.0	
943	22502.0	
944	25441.0	
945	28300.0	
946	30505.0	
947	31956.0	
948	32964.0	
949	33360.0	
950	33344.0	
951	34425.0	
952	37482.0	
953	43072.0	
954	51008.0	
955	59072.0	
956	63680.0	
957	62912.0	
958	56768.0	
959	49348.0	
960	42217.0	
961	37603.0	
962	34057.0	
963	30804.0	
964	27505.0	
965	24789.0	
966	22023.0	
967	19534.0	
968	16881.0	
969	14672.0	
970	12448.0	
971	10370.0	
972	8588.0	
973	6967.0	
974	5631.0	
975	4601.0	
976	3845.0	
977	3293.0	
978	2839.0	
979	2499.0	
980	2298.0	
981	2034.0	
982	1894.0	
983	1810.0	
984	1707.0	
985	1608.0	
986	1570.0	
987	1571.0	
988	1461.0	
989	1434.0	
990	1411.0	
991	1354.0	
992	1360.0	
993	1282.0	
994	1239.0	
995	1228.0	
996	1169.0	
997	1157.0	
998	1130.0	
999	1106.0	
1000	1061.0	
1001	1069.0	
1002	1044.0	
1003	1023.0	
1004	1037.0	
1005	1029.0	
1006	999.0	
1007	1006.0	
1008	973.0	
1009	989.0	
1010	978.0	
1011	965.0	
1012	964.0	
1013	941.0	
1014	940.0	
1015	952.0	
1016	959.0	
1017	931.0	
1018	955.0	
1019	932.0	
1020	950.0	
1021	959.0	
1022	922.0	
1023	930.0	
