 - 0.	 - 0.	
0	2362.0	
1	2327.0	
2	2351.0	
3	2371.0	
4	2343.0	
5	2327.0	
6	2308.0	
7	2290.0	
8	2285.0	
9	2249.0	
10	2261.0	
11	2254.0	
12	2164.0	
13	2193.0	
14	2200.0	
15	2179.0	
16	2145.0	
17	2179.0	
18	2127.0	
19	2119.0	
20	2140.0	
21	2106.0	
22	2099.0	
23	2065.0	
24	2078.0	
25	2105.0	
26	2004.0	
27	2062.0	
28	2051.0	
29	2020.0	
30	1968.0	
31	2002.0	
32	1981.0	
33	1998.0	
34	1962.0	
35	1955.0	
36	1950.0	
37	1919.0	
38	1936.0	
39	1915.0	
40	1885.0	
41	1905.0	
42	1907.0	
43	1895.0	
44	1874.0	
45	1868.0	
46	1841.0	
47	1893.0	
48	1848.0	
49	1821.0	
50	1842.0	
51	1825.0	
52	1793.0	
53	1799.0	
54	1835.0	
55	1782.0	
56	1777.0	
57	1771.0	
58	1789.0	
59	1741.0	
60	1786.0	
61	1776.0	
62	1742.0	
63	1735.0	
64	1742.0	
65	1734.0	
66	1698.0	
67	1707.0	
68	1708.0	
69	1694.0	
70	1716.0	
71	1687.0	
72	1714.0	
73	1702.0	
74	1665.0	
75	1658.0	
76	1654.0	
77	1657.0	
78	1678.0	
79	1654.0	
80	1666.0	
81	1158.0	
82	1663.0	
83	1667.0	
84	1646.0	
85	1619.0	
86	1644.0	
87	1631.0	
88	1623.0	
89	1597.0	
90	1604.0	
91	1598.0	
92	1571.0	
93	1596.0	
94	1582.0	
95	1585.0	
96	1569.0	
97	1556.0	
98	1542.0	
99	1542.0	
100	1556.0	
101	1533.0	
102	1565.0	
103	1565.0	
104	1497.0	
105	1507.0	
106	1520.0	
107	1494.0	
108	1460.0	
109	1484.0	
110	1497.0	
111	1465.0	
112	1474.0	
113	1474.0	
114	1449.0	
115	1451.0	
116	1449.0	
117	1454.0	
118	1445.0	
119	1399.0	
120	1410.0	
121	1394.0	
122	1424.0	
123	1351.0	
124	1378.0	
125	1361.0	
126	1371.0	
127	1366.0	
128	1356.0	
129	1356.0	
130	1356.0	
131	1320.0	
132	1309.0	
133	1306.0	
134	1334.0	
135	1295.0	
136	1295.0	
137	1275.0	
138	1287.0	
139	1295.0	
140	1263.0	
141	1267.0	
142	1243.0	
143	1254.0	
144	1251.0	
145	1238.0	
146	1220.0	
147	1247.0	
148	1236.0	
149	1186.0	
150	1232.0	
151	1200.0	
152	1211.0	
153	1213.0	
154	1197.0	
155	1183.0	
156	1188.0	
157	1179.0	
158	1187.0	
159	1148.0	
160	1166.0	
161	1149.0	
162	1144.0	
163	1141.0	
164	1130.0	
165	1140.0	
166	1124.0	
167	1109.0	
168	1107.0	
169	1102.0	
170	1118.0	
171	1130.0	
172	1115.0	
173	1087.0	
174	1068.0	
175	1082.0	
176	1110.0	
177	1086.0	
178	1079.0	
179	1073.0	
180	1067.0	
181	1065.0	
182	1065.0	
183	1057.0	
184	1060.0	
185	1066.0	
186	1071.0	
187	1059.0	
188	1055.0	
189	1036.0	
190	1053.0	
191	1034.0	
192	1035.0	
193	1042.0	
194	1047.0	
195	1044.0	
196	1044.0	
197	1045.0	
198	1021.0	
199	1018.0	
200	1023.0	
201	1026.0	
202	1019.0	
203	1064.0	
204	1015.0	
205	1023.0	
206	1013.0	
207	1016.0	
208	1026.0	
209	1010.0	
210	1036.0	
211	1010.0	
212	1005.0	
213	1003.0	
214	1001.0	
215	994.0	
216	1000.0	
217	994.0	
218	994.0	
219	992.0	
220	982.0	
221	988.0	
222	1009.0	
223	999.0	
224	993.0	
225	994.0	
226	983.0	
227	983.0	
228	996.0	
229	991.0	
230	992.0	
231	983.0	
232	978.0	
233	977.0	
234	993.0	
235	972.0	
236	989.0	
237	978.0	
238	982.0	
239	959.0	
240	962.0	
241	979.0	
242	959.0	
243	972.0	
244	961.0	
245	959.0	
246	982.0	
247	968.0	
248	988.0	
249	954.0	
250	959.0	
251	946.0	
252	982.0	
253	972.0	
254	947.0	
255	976.0	
256	963.0	
257	971.0	
258	967.0	
259	982.0	
260	969.0	
261	957.0	
262	967.0	
263	970.0	
264	947.0	
265	953.0	
266	955.0	
267	966.0	
268	954.0	
269	956.0	
270	934.0	
271	971.0	
272	956.0	
273	954.0	
274	944.0	
275	942.0	
276	952.0	
277	944.0	
278	945.0	
279	939.0	
280	942.0	
281	966.0	
282	950.0	
283	944.0	
284	949.0	
285	955.0	
286	934.0	
287	941.0	
288	947.0	
289	930.0	
290	940.0	
291	937.0	
292	932.0	
293	946.0	
294	933.0	
295	951.0	
296	942.0	
297	923.0	
298	926.0	
299	920.0	
300	944.0	
301	947.0	
302	930.0	
303	943.0	
304	919.0	
305	935.0	
306	932.0	
307	930.0	
308	925.0	
309	922.0	
310	927.0	
311	924.0	
312	926.0	
313	924.0	
314	909.0	
315	924.0	
316	908.0	
317	930.0	
318	930.0	
319	915.0	
320	936.0	
321	910.0	
322	930.0	
323	935.0	
324	893.0	
325	918.0	
326	919.0	
327	922.0	
328	902.0	
329	933.0	
330	940.0	
331	916.0	
332	930.0	
333	921.0	
334	917.0	
335	911.0	
336	923.0	
337	927.0	
338	923.0	
339	919.0	
340	924.0	
341	916.0	
342	928.0	
343	924.0	
344	928.0	
345	921.0	
346	927.0	
347	930.0	
348	929.0	
349	914.0	
350	929.0	
351	906.0	
352	922.0	
353	919.0	
354	929.0	
355	921.0	
356	934.0	
357	918.0	
358	929.0	
359	914.0	
360	929.0	
361	928.0	
362	937.0	
363	930.0	
364	940.0	
365	937.0	
366	928.0	
367	947.0	
368	938.0	
369	921.0	
370	927.0	
371	925.0	
372	952.0	
373	929.0	
374	927.0	
375	939.0	
376	948.0	
377	933.0	
378	943.0	
379	921.0	
380	943.0	
381	942.0	
382	918.0	
383	939.0	
384	939.0	
385	932.0	
386	952.0	
387	959.0	
388	949.0	
389	954.0	
390	955.0	
391	957.0	
392	943.0	
393	951.0	
394	957.0	
395	959.0	
396	943.0	
397	966.0	
398	969.0	
399	965.0	
400	946.0	
401	959.0	
402	955.0	
403	966.0	
404	963.0	
405	962.0	
406	956.0	
407	964.0	
408	959.0	
409	962.0	
410	978.0	
411	972.0	
412	983.0	
413	975.0	
414	971.0	
415	976.0	
416	977.0	
417	956.0	
418	959.0	
419	976.0	
420	982.0	
421	973.0	
422	982.0	
423	970.0	
424	961.0	
425	990.0	
426	977.0	
427	978.0	
428	993.0	
429	970.0	
430	1015.0	
431	1003.0	
432	967.0	
433	979.0	
434	980.0	
435	984.0	
436	983.0	
437	989.0	
438	984.0	
439	989.0	
440	992.0	
441	999.0	
442	998.0	
443	975.0	
444	975.0	
445	978.0	
446	997.0	
447	987.0	
448	973.0	
449	981.0	
450	1023.0	
451	986.0	
452	1011.0	
453	980.0	
454	985.0	
455	1007.0	
456	1007.0	
457	997.0	
458	1027.0	
459	992.0	
460	1007.0	
461	1017.0	
462	976.0	
463	1001.0	
464	995.0	
465	983.0	
466	994.0	
467	990.0	
468	998.0	
469	1011.0	
470	1014.0	
471	1002.0	
472	1015.0	
473	1036.0	
474	990.0	
475	996.0	
476	1013.0	
477	1021.0	
478	1032.0	
479	1003.0	
480	1019.0	
481	999.0	
482	1001.0	
483	1041.0	
484	1006.0	
485	1023.0	
486	1006.0	
487	1006.0	
488	1015.0	
489	1022.0	
490	1038.0	
491	1035.0	
492	1033.0	
493	1022.0	
494	1028.0	
495	1021.0	
496	1041.0	
497	1030.0	
498	1034.0	
499	1040.0	
500	1036.0	
501	1064.0	
502	1052.0	
503	1051.0	
504	1054.0	
505	1070.0	
506	1049.0	
507	1061.0	
508	1064.0	
509	1051.0	
510	1040.0	
511	1064.0	
512	1091.0	
513	1079.0	
514	1087.0	
515	1096.0	
516	1076.0	
517	1084.0	
518	1091.0	
519	1107.0	
520	1082.0	
521	1100.0	
522	1109.0	
523	1097.0	
524	1099.0	
525	1094.0	
526	1111.0	
527	1106.0	
528	1100.0	
529	1117.0	
530	1134.0	
531	1109.0	
532	1134.0	
533	1126.0	
534	1130.0	
535	1128.0	
536	1135.0	
537	1136.0	
538	1149.0	
539	1144.0	
540	1163.0	
541	1154.0	
542	1174.0	
543	1185.0	
544	1185.0	
545	1159.0	
546	1187.0	
547	1168.0	
548	1189.0	
549	1161.0	
550	1180.0	
551	1202.0	
552	1189.0	
553	1188.0	
554	1156.0	
555	1197.0	
556	1198.0	
557	1169.0	
558	1217.0	
559	1185.0	
560	1176.0	
561	1202.0	
562	1185.0	
563	1215.0	
564	1193.0	
565	1217.0	
566	1199.0	
567	1209.0	
568	1217.0	
569	1229.0	
570	1194.0	
571	1237.0	
572	1234.0	
573	1198.0	
574	1193.0	
575	1225.0	
576	1226.0	
577	1204.0	
578	1222.0	
579	1215.0	
580	1219.0	
581	1200.0	
582	1219.0	
583	1204.0	
584	1211.0	
585	1208.0	
586	1210.0	
587	1215.0	
588	1221.0	
589	1211.0	
590	1218.0	
591	1214.0	
592	1209.0	
593	1231.0	
594	1178.0	
595	1199.0	
596	1229.0	
597	1197.0	
598	1237.0	
599	1213.0	
600	1205.0	
601	1209.0	
602	1220.0	
603	1240.0	
604	1215.0	
605	1255.0	
606	1250.0	
607	1246.0	
608	1251.0	
609	1234.0	
610	1252.0	
611	1268.0	
612	1239.0	
613	1212.0	
614	1255.0	
615	1264.0	
616	1239.0	
617	1241.0	
618	1279.0	
619	1251.0	
620	1275.0	
621	1279.0	
622	1262.0	
623	1300.0	
624	1286.0	
625	1272.0	
626	1299.0	
627	1311.0	
628	1324.0	
629	1301.0	
630	1298.0	
631	1318.0	
632	1336.0	
633	1331.0	
634	1327.0	
635	1303.0	
636	1315.0	
637	1376.0	
638	1335.0	
639	1332.0	
640	1339.0	
641	1352.0	
642	1361.0	
643	1329.0	
644	1360.0	
645	1380.0	
646	1387.0	
647	1411.0	
648	1388.0	
649	1400.0	
650	1400.0	
651	1389.0	
652	1462.0	
653	1446.0	
654	1446.0	
655	1450.0	
656	1387.0	
657	1459.0	
658	1402.0	
659	1443.0	
660	1471.0	
661	1448.0	
662	1461.0	
663	1478.0	
664	1460.0	
665	1467.0	
666	1457.0	
667	1487.0	
668	1460.0	
669	1486.0	
670	1467.0	
671	1451.0	
672	1484.0	
673	1476.0	
674	1447.0	
675	1488.0	
676	1516.0	
677	1482.0	
678	1480.0	
679	1494.0	
680	1499.0	
681	1462.0	
682	1495.0	
683	1479.0	
684	1490.0	
685	1471.0	
686	1462.0	
687	1463.0	
688	1482.0	
689	1479.0	
690	1465.0	
691	1486.0	
692	1476.0	
693	1474.0	
694	1474.0	
695	1478.0	
696	1447.0	
697	1449.0	
698	1455.0	
699	1480.0	
700	1464.0	
701	1474.0	
702	1460.0	
703	1477.0	
704	1454.0	
705	1443.0	
706	1433.0	
707	1433.0	
708	1423.0	
709	1429.0	
710	1427.0	
711	1458.0	
712	1403.0	
713	1438.0	
714	1443.0	
715	1414.0	
716	1417.0	
717	1454.0	
718	1438.0	
719	1387.0	
720	1411.0	
721	1431.0	
722	1432.0	
723	1427.0	
724	1418.0	
725	1431.0	
726	1407.0	
727	1431.0	
728	1416.0	
729	1390.0	
730	1379.0	
731	1415.0	
732	1415.0	
733	1402.0	
734	1440.0	
735	1435.0	
736	1431.0	
737	1391.0	
738	1425.0	
739	1382.0	
740	1413.0	
741	1439.0	
742	1434.0	
743	1450.0	
744	1439.0	
745	1415.0	
746	1435.0	
747	1437.0	
748	1447.0	
749	1419.0	
750	1443.0	
751	1437.0	
752	1466.0	
753	1460.0	
754	1427.0	
755	1463.0	
756	1452.0	
757	1491.0	
758	1480.0	
759	1479.0	
760	1468.0	
761	1500.0	
762	1479.0	
763	1454.0	
764	1434.0	
765	1490.0	
766	1506.0	
767	1490.0	
768	1498.0	
769	1470.0	
770	1476.0	
771	1493.0	
772	1492.0	
773	1487.0	
774	1479.0	
775	1502.0	
776	1493.0	
777	1476.0	
778	1473.0	
779	1467.0	
780	1456.0	
781	1441.0	
782	1464.0	
783	1459.0	
784	1414.0	
785	1471.0	
786	1441.0	
787	1436.0	
788	1410.0	
789	1426.0	
790	1439.0	
791	1413.0	
792	1412.0	
793	1415.0	
794	1364.0	
795	1387.0	
796	1399.0	
797	1362.0	
798	1377.0	
799	1353.0	
800	1350.0	
801	1331.0	
802	1346.0	
803	1310.0	
804	1295.0	
805	1301.0	
806	1279.0	
807	1268.0	
808	1284.0	
809	1278.0	
810	1271.0	
811	1284.0	
812	1274.0	
813	1264.0	
814	1256.0	
815	1255.0	
816	1263.0	
817	1266.0	
818	1260.0	
819	1261.0	
820	1277.0	
821	1284.0	
822	1313.0	
823	1310.0	
824	1302.0	
825	1318.0	
826	1317.0	
827	1316.0	
828	1342.0	
829	1320.0	
830	1347.0	
831	1355.0	
832	1350.0	
833	1333.0	
834	1394.0	
835	1380.0	
836	1417.0	
837	1423.0	
838	1447.0	
839	1402.0	
840	1425.0	
841	1413.0	
842	1393.0	
843	1397.0	
844	1416.0	
845	1399.0	
846	1386.0	
847	1387.0	
848	1368.0	
849	1361.0	
850	1366.0	
851	1360.0	
852	1357.0	
853	1330.0	
854	1316.0	
855	1341.0	
856	1346.0	
857	1387.0	
858	1347.0	
859	1387.0	
860	1349.0	
861	1406.0	
862	1400.0	
863	1419.0	
864	1429.0	
865	1451.0	
866	1448.0	
867	1459.0	
868	1483.0	
869	1510.0	
870	1530.0	
871	1539.0	
872	1550.0	
873	1581.0	
874	1573.0	
875	1609.0	
876	1651.0	
877	1643.0	
878	1669.0	
879	1727.0	
880	1732.0	
881	1741.0	
882	1810.0	
883	1816.0	
884	1823.0	
885	1886.0	
886	1886.0	
887	1909.0	
888	1928.0	
889	1989.0	
890	1990.0	
891	2073.0	
892	2081.0	
893	2146.0	
894	2157.0	
895	2224.0	
896	2281.0	
897	2262.0	
898	2376.0	
899	2431.0	
900	2482.0	
901	2628.0	
902	2661.0	
903	2709.0	
904	2774.0	
905	2817.0	
906	2854.0	
907	2864.0	
908	2896.0	
909	2903.0	
910	2892.0	
911	2919.0	
912	2928.0	
913	2854.0	
914	2983.0	
915	2940.0	
916	2965.0	
917	3042.0	
918	3026.0	
919	2999.0	
920	3078.0	
921	3105.0	
922	3185.0	
923	3201.0	
924	3322.0	
925	3357.0	
926	3414.0	
927	3492.0	
928	3617.0	
929	3781.0	
930	3912.0	
931	4049.0	
932	4284.0	
933	4537.0	
934	4843.0	
935	5302.0	
936	5727.0	
937	6158.0	
938	6857.0	
939	7600.0	
940	8667.0	
941	9736.0	
942	11162.0	
943	12592.0	
944	14516.0	
945	16024.0	
946	17366.0	
947	17613.0	
948	16995.0	
949	15296.0	
950	13629.0	
951	12416.0	
952	11494.0	
953	10885.0	
954	10336.0	
955	10058.0	
956	9920.0	
957	10194.0	
958	10482.0	
959	10406.0	
960	10200.0	
961	9415.0	
962	8587.0	
963	7596.0	
964	6915.0	
965	6231.0	
966	5778.0	
967	5260.0	
968	4787.0	
969	4165.0	
970	3720.0	
971	3391.0	
972	2914.0	
973	2640.0	
974	2408.0	
975	2145.0	
976	1934.0	
977	1782.0	
978	1628.0	
979	1503.0	
980	1420.0	
981	1313.0	
982	1277.0	
983	1198.0	
984	1172.0	
985	1114.0	
986	1104.0	
987	1090.0	
988	1056.0	
989	1032.0	
990	1017.0	
991	998.0	
992	994.0	
993	982.0	
994	957.0	
995	952.0	
996	940.0	
997	940.0	
998	930.0	
999	919.0	
1000	914.0	
1001	919.0	
1002	885.0	
1003	912.0	
1004	898.0	
1005	914.0	
1006	897.0	
1007	897.0	
1008	914.0	
1009	886.0	
1010	906.0	
1011	893.0	
1012	908.0	
1013	919.0	
1014	880.0	
1015	889.0	
1016	895.0	
1017	884.0	
1018	894.0	
1019	885.0	
1020	887.0	
1021	864.0	
1022	884.0	
1023	868.0	
